Half FOV	Image Height(Y')	Optical Distortion(%)
0.0	0.00000000 	0.0
0.1	0.00221500 	0.0
0.2	0.00443200 	0.0
0.3	0.00664900 	0.0
0.4	0.00886600 	0.0
0.5	0.01108300 	0.0
0.6	0.01330000 	0.0
0.7	0.01551800 	0.0
0.8	0.01773500 	0.0
0.9	0.01995200 	0.0
1.0	0.02216900 	0.0
1.1	0.02438700 	0.0
1.2	0.02660400 	0.0
1.3	0.02882200 	0.0
1.4	0.03103900 	0.0
1.5	0.03325700 	0.0
1.6	0.03547500 	0.0
1.7	0.03769300 	0.0
1.8	0.03991100 	0.0
1.9	0.04213000 	0.0
2.0	0.04434800 	0.0
2.1	0.04656700 	0.0
2.2	0.04878500 	0.0
2.3	0.05100400 	0.0
2.4	0.05322400 	0.0
2.5	0.05544300 	0.0
2.6	0.05766200 	0.0
2.7	0.05988200 	0.0
2.8	0.06210200 	0.0
2.9	0.06432200 	0.0
3.0	0.06654200 	0.0
3.1	0.06876300 	0.0
3.2	0.07098400 	0.0
3.3	0.07320500 	-0.1
3.4	0.07542600 	-0.1
3.5	0.07764800 	-0.1
3.6	0.07987000 	-0.1
3.7	0.08209200 	-0.1
3.8	0.08431400 	-0.1
3.9	0.08653700 	-0.1
4.0	0.08876000 	-0.1
4.1	0.09098300 	-0.1
4.2	0.09320700 	-0.1
4.3	0.09543100 	-0.1
4.4	0.09765500 	-0.1
4.5	0.09988000 	-0.1
4.6	0.10210500 	-0.1
4.7	0.10433000 	-0.1
4.8	0.10655500 	-0.1
4.9	0.10878200 	-0.1
5.0	0.11100800 	-0.1
5.1	0.11323500 	-0.1
5.2	0.11546200 	-0.1
5.3	0.11769000 	-0.1
5.4	0.11991800 	-0.1
5.5	0.12214600 	-0.1
5.6	0.12437500 	-0.1
5.7	0.12660400 	-0.1
5.8	0.12883400 	-0.2
5.9	0.13106400 	-0.2
6.0	0.13329400 	-0.2
6.1	0.13552500 	-0.2
6.2	0.13775700 	-0.2
6.3	0.13998900 	-0.2
6.4	0.14222100 	-0.2
6.5	0.14445400 	-0.2
6.6	0.14668800 	-0.2
6.7	0.14892200 	-0.2
6.8	0.15115600 	-0.2
6.9	0.15339100 	-0.2
7.0	0.15562700 	-0.2
7.1	0.15786300 	-0.2
7.2	0.16009900 	-0.2
7.3	0.16233600 	-0.2
7.4	0.16457400 	-0.2
7.5	0.16681200 	-0.3
7.6	0.16905100 	-0.3
7.7	0.17129000 	-0.3
7.8	0.17353000 	-0.3
7.9	0.17577100 	-0.3
8.0	0.17801200 	-0.3
8.1	0.18025400 	-0.3
8.2	0.18249600 	-0.3
8.3	0.18473900 	-0.3
8.4	0.18698200 	-0.3
8.5	0.18922700 	-0.3
8.6	0.19147200 	-0.3
8.7	0.19371700 	-0.3
8.8	0.19596300 	-0.3
8.9	0.19821000 	-0.4
9.0	0.20045800 	-0.4
9.1	0.20270600 	-0.4
9.2	0.20495500 	-0.4
9.3	0.20720400 	-0.4
9.4	0.20945400 	-0.4
9.5	0.21170500 	-0.4
9.6	0.21395700 	-0.4
9.7	0.21620900 	-0.4
9.8	0.21846300 	-0.4
9.9	0.22071600 	-0.4
10.0	0.22297100 	-0.5
10.1	0.22522600 	-0.5
10.2	0.22748200 	-0.5
10.3	0.22973900 	-0.5
10.4	0.23199700 	-0.5
10.5	0.23425500 	-0.5
10.6	0.23651500 	-0.5
10.7	0.23877400 	-0.5
10.8	0.24103500 	-0.5
10.9	0.24329700 	-0.5
11.0	0.24555900 	-0.5
11.1	0.24782200 	-0.6
11.2	0.25008600 	-0.6
11.3	0.25235100 	-0.6
11.4	0.25461700 	-0.6
11.5	0.25688300 	-0.6
11.6	0.25915100 	-0.6
11.7	0.26141900 	-0.6
11.8	0.26368800 	-0.6
11.9	0.26595800 	-0.6
12.0	0.26822900 	-0.7
12.1	0.27050100 	-0.7
12.2	0.27277400 	-0.7
12.3	0.27504700 	-0.7
12.4	0.27732200 	-0.7
12.5	0.27959700 	-0.7
12.6	0.28187300 	-0.7
12.7	0.28415000 	-0.7
12.8	0.28642900 	-0.8
12.9	0.28870800 	-0.8
13.0	0.29098800 	-0.8
13.1	0.29326900 	-0.8
13.2	0.29555100 	-0.8
13.3	0.29783300 	-0.8
13.4	0.30011700 	-0.8
13.5	0.30240200 	-0.8
13.6	0.30468800 	-0.9
13.7	0.30697500 	-0.9
13.8	0.30926300 	-0.9
13.9	0.31155200 	-0.9
14.0	0.31384100 	-0.9
14.1	0.31613200 	-0.9
14.2	0.31842400 	-0.9
14.3	0.32071700 	-0.9
14.4	0.32301100 	-1.0
14.5	0.32530600 	-1.0
14.6	0.32760200 	-1.0
14.7	0.32989900 	-1.0
14.8	0.33219800 	-1.0
14.9	0.33449700 	-1.0
15.0	0.33679700 	-1.0
15.1	0.33909900 	-1.1
15.2	0.34140100 	-1.1
15.3	0.34370500 	-1.1
15.4	0.34601000 	-1.1
15.5	0.34831500 	-1.1
15.6	0.35062200 	-1.1
15.7	0.35293000 	-1.2
15.8	0.35524000 	-1.2
15.9	0.35755000 	-1.2
16.0	0.35986100 	-1.2
16.1	0.36217400 	-1.2
16.2	0.36448800 	-1.2
16.3	0.36680300 	-1.3
16.4	0.36911900 	-1.3
16.5	0.37143600 	-1.3
16.6	0.37375500 	-1.3
16.7	0.37607400 	-1.3
16.8	0.37839500 	-1.3
16.9	0.38071700 	-1.4
17.0	0.38304000 	-1.4
17.1	0.38536500 	-1.4
17.2	0.38769000 	-1.4
17.3	0.39001700 	-1.4
17.4	0.39234500 	-1.4
17.5	0.39467500 	-1.5
17.6	0.39700500 	-1.5
17.7	0.39933700 	-1.5
17.8	0.40167000 	-1.5
17.9	0.40400400 	-1.5
18.0	0.40634000 	-1.5
18.1	0.40867700 	-1.6
18.2	0.41101500 	-1.6
18.3	0.41335400 	-1.6
18.4	0.41569500 	-1.6
18.5	0.41803700 	-1.6
18.6	0.42038000 	-1.7
18.7	0.42272500 	-1.7
18.8	0.42507100 	-1.7
18.9	0.42741800 	-1.7
19.0	0.42976700 	-1.7
19.1	0.43211600 	-1.8
19.2	0.43446800 	-1.8
19.3	0.43682000 	-1.8
19.4	0.43917400 	-1.8
19.5	0.44152900 	-1.8
19.6	0.44388600 	-1.9
19.7	0.44624400 	-1.9
19.8	0.44860300 	-1.9
19.9	0.45096400 	-1.9
20.0	0.45332600 	-1.9
20.1	0.45568900 	-2.0
20.2	0.45805400 	-2.0
20.3	0.46042000 	-2.0
20.4	0.46278800 	-2.0
20.5	0.46515700 	-2.1
20.6	0.46752700 	-2.1
20.7	0.46989900 	-2.1
20.8	0.47227200 	-2.1
20.9	0.47464700 	-2.1
21.0	0.47702300 	-2.2
21.1	0.47940100 	-2.2
21.2	0.48178000 	-2.2
21.3	0.48416000 	-2.2
21.4	0.48654200 	-2.3
21.5	0.48892500 	-2.3
21.6	0.49131000 	-2.3
21.7	0.49369700 	-2.3
21.8	0.49608400 	-2.4
21.9	0.49847400 	-2.4
22.0	0.50086400 	-2.4
22.1	0.50325700 	-2.4
22.2	0.50565000 	-2.5
22.3	0.50804500 	-2.5
22.4	0.51044200 	-2.5
22.5	0.51284000 	-2.5
22.6	0.51524000 	-2.6
22.7	0.51764200 	-2.6
22.8	0.52004400 	-2.6
22.9	0.52244900 	-2.6
23.0	0.52485500 	-2.7
23.1	0.52726200 	-2.7
23.2	0.52967100 	-2.7
23.3	0.53208100 	-2.7
23.4	0.53449300 	-2.8
23.5	0.53690700 	-2.8
23.6	0.53932200 	-2.8
23.7	0.54173900 	-2.8
23.8	0.54415700 	-2.9
23.9	0.54657700 	-2.9
24.0	0.54899900 	-2.9
24.1	0.55142200 	-3.0
24.2	0.55384700 	-3.0
24.3	0.55627300 	-3.0
24.4	0.55870100 	-3.0
24.5	0.56113000 	-3.1
24.6	0.56356100 	-3.1
24.7	0.56599400 	-3.1
24.8	0.56842800 	-3.2
24.9	0.57086400 	-3.2
25.0	0.57330200 	-3.2
25.1	0.57574100 	-3.2
25.2	0.57818200 	-3.3
25.3	0.58062500 	-3.3
25.4	0.58306900 	-3.3
25.5	0.58551500 	-3.4
25.6	0.58796200 	-3.4
25.7	0.59041100 	-3.4
25.8	0.59286200 	-3.5
25.9	0.59531500 	-3.5
26.0	0.59776900 	-3.5
26.1	0.60022500 	-3.5
26.2	0.60268200 	-3.6
26.3	0.60514100 	-3.6
26.4	0.60760200 	-3.6
26.5	0.61006500 	-3.7
26.6	0.61252900 	-3.7
26.7	0.61499500 	-3.7
26.8	0.61746300 	-3.8
26.9	0.61993300 	-3.8
27.0	0.62240400 	-3.8
27.1	0.62487700 	-3.9
27.2	0.62735100 	-3.9
27.3	0.62982700 	-3.9
27.4	0.63230600 	-4.0
27.5	0.63478500 	-4.0
27.6	0.63726700 	-4.0
27.7	0.63975000 	-4.1
27.8	0.64223500 	-4.1
27.9	0.64472200 	-4.1
28.0	0.64721100 	-4.2
28.1	0.64970100 	-4.2
28.2	0.65219300 	-4.2
28.3	0.65468700 	-4.3
28.4	0.65718200 	-4.3
28.5	0.65968000 	-4.4
28.6	0.66217900 	-4.4
28.7	0.66468000 	-4.4
28.8	0.66718200 	-4.5
28.9	0.66968700 	-4.5
29.0	0.67219300 	-4.5
29.1	0.67470100 	-4.6
29.2	0.67721100 	-4.6
29.3	0.67972300 	-4.6
29.4	0.68223600 	-4.7
29.5	0.68475200 	-4.7
29.6	0.68726900 	-4.8
29.7	0.68978800 	-4.8
29.8	0.69230800 	-4.8
29.9	0.69483100 	-4.9
30.0	0.69735500 	-4.9
30.1	0.69988200 	-5.0
30.2	0.70241000 	-5.0
30.3	0.70493900 	-5.0
30.4	0.70747100 	-5.1
30.5	0.71000500 	-5.1
30.6	0.71254000 	-5.2
30.7	0.71507700 	-5.2
30.8	0.71761600 	-5.2
30.9	0.72015700 	-5.3
31.0	0.72270000 	-5.3
31.1	0.72524500 	-5.4
31.2	0.72779100 	-5.4
31.3	0.73034000 	-5.4
31.4	0.73289000 	-5.5
31.5	0.73544200 	-5.5
31.6	0.73799600 	-5.6
31.7	0.74055200 	-5.6
31.8	0.74310900 	-5.6
31.9	0.74566900 	-5.7
32.0	0.74823000 	-5.7
32.1	0.75079300 	-5.8
32.2	0.75335900 	-5.8
32.3	0.75592600 	-5.9
32.4	0.75849500 	-5.9
32.5	0.76106500 	-6.0
32.6	0.76363800 	-6.0
32.7	0.76621300 	-6.0
32.8	0.76878900 	-6.1
32.9	0.77136800 	-6.1
33.0	0.77394800 	-6.2
33.1	0.77653000 	-6.2
33.2	0.77911400 	-6.3
33.3	0.78170000 	-6.3
33.4	0.78428800 	-6.4
33.5	0.78687800 	-6.4
33.6	0.78947000 	-6.5
33.7	0.79206300 	-6.5
33.8	0.79465900 	-6.6
33.9	0.79725600 	-6.6
34.0	0.79985500 	-6.6
34.1	0.80245700 	-6.7
34.2	0.80506000 	-6.7
34.3	0.80766500 	-6.8
34.4	0.81027200 	-6.8
34.5	0.81288100 	-6.9
34.6	0.81549200 	-6.9
34.7	0.81810400 	-7.0
34.8	0.82071900 	-7.0
34.9	0.82333600 	-7.1
35.0	0.82595400 	-7.1
35.1	0.82857500 	-7.2
35.2	0.83119700 	-7.2
35.3	0.83382100 	-7.3
35.4	0.83644800 	-7.3
35.5	0.83907600 	-7.4
35.6	0.84170600 	-7.4
35.7	0.84433800 	-7.5
35.8	0.84697200 	-7.5
35.9	0.84960700 	-7.6
36.0	0.85224500 	-7.7
36.1	0.85488500 	-7.7
36.2	0.85752700 	-7.8
36.3	0.86017000 	-7.8
36.4	0.86281600 	-7.9
36.5	0.86546300 	-7.9
36.6	0.86811200 	-8.0
36.7	0.87076400 	-8.0
36.8	0.87341700 	-8.1
36.9	0.87607200 	-8.1
37.0	0.87872900 	-8.2
37.1	0.88138800 	-8.3
37.2	0.88404900 	-8.3
37.3	0.88671200 	-8.4
37.4	0.88937600 	-8.4
37.5	0.89204300 	-8.5
37.6	0.89471200 	-8.5
37.7	0.89738200 	-8.6
37.8	0.90005500 	-8.7
37.9	0.90272900 	-8.7
38.0	0.90540500 	-8.8
38.1	0.90808400 	-8.8
38.2	0.91076400 	-8.9
38.3	0.91344600 	-8.9
38.4	0.91613000 	-9.0
38.5	0.91881600 	-9.1
38.6	0.92150400 	-9.1
38.7	0.92419300 	-9.2
38.8	0.92688500 	-9.2
38.9	0.92957800 	-9.3
39.0	0.93227400 	-9.4
39.1	0.93497100 	-9.4
39.2	0.93767100 	-9.5
39.3	0.94037200 	-9.6
39.4	0.94307500 	-9.6
39.5	0.94578000 	-9.7
39.6	0.94848700 	-9.7
39.7	0.95119600 	-9.8
39.8	0.95390600 	-9.9
39.9	0.95661900 	-9.9
40.0	0.95933300 	-10.0
40.1	0.96205000 	-10.1
40.2	0.96476800 	-10.1
40.3	0.96748800 	-10.2
40.4	0.97021000 	-10.3
40.5	0.97293400 	-10.3
40.6	0.97566000 	-10.4
40.7	0.97838800 	-10.5
40.8	0.98111700 	-10.5
40.9	0.98384900 	-10.6
41.0	0.98658200 	-10.7
41.1	0.98931700 	-10.7
41.2	0.99205400 	-10.8
41.3	0.99479300 	-10.9
41.4	0.99753400 	-10.9
41.5	1.00027700 	-11.0
41.6	1.00302100 	-11.1
41.7	1.00576700 	-11.1
41.8	1.00851600 	-11.2
41.9	1.01126600 	-11.3
42.0	1.01401800 	-11.3
42.1	1.01677100 	-11.4
42.2	1.01952700 	-11.5
42.3	1.02228400 	-11.6
42.4	1.02504300 	-11.6
42.5	1.02780500 	-11.7
42.6	1.03056700 	-11.8
42.7	1.03333200 	-11.8
42.8	1.03609900 	-11.9
42.9	1.03886700 	-12.0
43.0	1.04163700 	-12.1
43.1	1.04440900 	-12.1
43.2	1.04718300 	-12.2
43.3	1.04995800 	-12.3
43.4	1.05273600 	-12.4
43.5	1.05551500 	-12.4
43.6	1.05829600 	-12.5
43.7	1.06107800 	-12.6
43.8	1.06386300 	-12.7
43.9	1.06664900 	-12.7
44.0	1.06943700 	-12.8
44.1	1.07222700 	-12.9
44.2	1.07501900 	-13.0
44.3	1.07781200 	-13.1
44.4	1.08060700 	-13.1
44.5	1.08340400 	-13.2
44.6	1.08620200 	-13.3
44.7	1.08900300 	-13.4
44.8	1.09180500 	-13.4
44.9	1.09460800 	-13.5
45.0	1.09741400 	-13.6
45.1	1.10022100 	-13.7
45.2	1.10303000 	-13.8
45.3	1.10584100 	-13.9
45.4	1.10865300 	-13.9
45.5	1.11146700 	-14.0
45.6	1.11428300 	-14.1
45.7	1.11710000 	-14.2
45.8	1.11991900 	-14.3
45.9	1.12274000 	-14.3
46.0	1.12556300 	-14.4
46.1	1.12838700 	-14.5
46.2	1.13121300 	-14.6
46.3	1.13404000 	-14.7
46.4	1.13686900 	-14.8
46.5	1.13970000 	-14.9
46.6	1.14253300 	-14.9
46.7	1.14536700 	-15.0
46.8	1.14820300 	-15.1
46.9	1.15104000 	-15.2
47.0	1.15387900 	-15.3
47.1	1.15672000 	-15.4
47.2	1.15956200 	-15.5
47.3	1.16240600 	-15.6
47.4	1.16525100 	-15.6
47.5	1.16809800 	-15.7
47.6	1.17094700 	-15.8
47.7	1.17379700 	-15.9
47.8	1.17664900 	-16.0
47.9	1.17950200 	-16.1
48.0	1.18235700 	-16.2
48.1	1.18521400 	-16.3
48.2	1.18807200 	-16.4
48.3	1.19093100 	-16.5
48.4	1.19379200 	-16.6
48.5	1.19665500 	-16.7
48.6	1.19951900 	-16.7
48.7	1.20238500 	-16.8
48.8	1.20525200 	-16.9
48.9	1.20812100 	-17.0
49.0	1.21099200 	-17.1
49.1	1.21386300 	-17.2
49.2	1.21673700 	-17.3
49.3	1.21961200 	-17.4
49.4	1.22248800 	-17.5
49.5	1.22536600 	-17.6
49.6	1.22824500 	-17.7
49.7	1.23112600 	-17.8
49.8	1.23400800 	-17.9
49.9	1.23689200 	-18.0
50.0	1.23977700 	-18.1
50.1	1.24266300 	-18.2
50.2	1.24555100 	-18.3
50.3	1.24844100 	-18.4
50.4	1.25133200 	-18.5
50.5	1.25422400 	-18.6
50.6	1.25711800 	-18.7
50.7	1.26001300 	-18.8
50.8	1.26290900 	-18.9
50.9	1.26580700 	-19.0
51.0	1.26870600 	-19.1
51.1	1.27160700 	-19.2
51.2	1.27450900 	-19.3
51.3	1.27741300 	-19.4
51.4	1.28031700 	-19.5
51.5	1.28322300 	-19.6
51.6	1.28613100 	-19.8
51.7	1.28904000 	-19.9
51.8	1.29195000 	-20.0
51.9	1.29486200 	-20.1
52.0	1.29777400 	-20.2
52.1	1.30068900 	-20.3
52.2	1.30360400 	-20.4
52.3	1.30652100 	-20.5
52.4	1.30943900 	-20.6
52.5	1.31235800 	-20.7
52.6	1.31527900 	-20.8
52.7	1.31820100 	-20.9
52.8	1.32112400 	-21.1
52.9	1.32404900 	-21.2
53.0	1.32697400 	-21.3
53.1	1.32990100 	-21.4
53.2	1.33283000 	-21.5
53.3	1.33575900 	-21.6
53.4	1.33869000 	-21.7
53.5	1.34162200 	-21.8
53.6	1.34455500 	-22.0
53.7	1.34749000 	-22.1
53.8	1.35042500 	-22.2
53.9	1.35336200 	-22.3
54.0	1.35630000 	-22.4
54.1	1.35924000 	-22.5
54.2	1.36218000 	-22.7
54.3	1.36512200 	-22.8
54.4	1.36806500 	-22.9
54.5	1.37100900 	-23.0
54.6	1.37395400 	-23.1
54.7	1.37690000 	-23.3
54.8	1.37984800 	-23.4
54.9	1.38279700 	-23.5
55.0	1.38574600 	-23.6
55.1	1.38869700 	-23.7
55.2	1.39165000 	-23.9
55.3	1.39460300 	-24.0
55.4	1.39755700 	-24.1
55.5	1.40051300 	-24.2
55.6	1.40346900 	-24.3
55.7	1.40642700 	-24.5
55.8	1.40938600 	-24.6
55.9	1.41234600 	-24.7
56.0	1.41530700 	-24.8
56.1	1.41826900 	-25.0
56.2	1.42123200 	-25.1
56.3	1.42419600 	-25.2
56.4	1.42716100 	-25.4
56.5	1.43012800 	-25.5
56.6	1.43309500 	-25.6
56.7	1.43606300 	-25.7
56.8	1.43903300 	-25.9
56.9	1.44200400 	-26.0
57.0	1.44497500 	-26.1
57.1	1.44794800 	-26.3
57.2	1.45092100 	-26.4
57.3	1.45389600 	-26.5
57.4	1.45687200 	-26.7
57.5	1.45984800 	-26.8
57.6	1.46282600 	-26.9
57.7	1.46580500 	-27.1
57.8	1.46878500 	-27.2
57.9	1.47176500 	-27.3
58.0	1.47474700 	-27.5
58.1	1.47773000 	-27.6
58.2	1.48071300 	-27.7
58.3	1.48369800 	-27.9
58.4	1.48668400 	-28.0
58.5	1.48967000 	-28.1
58.6	1.49265800 	-28.3
58.7	1.49564600 	-28.4
58.8	1.49863600 	-28.5
58.9	1.50162600 	-28.7
59.0	1.50461800 	-28.8
59.1	1.50761000 	-29.0
59.2	1.51060300 	-29.1
59.3	1.51359700 	-29.2
59.4	1.51659300 	-29.4
59.5	1.51958900 	-29.5
59.6	1.52258600 	-29.7
59.7	1.52558300 	-29.8
59.8	1.52858200 	-30.0
59.9	1.53158200 	-30.1
60.0	1.53458300 	-30.3
60.1	1.53758400 	-30.4
60.2	1.54058700 	-30.5
60.3	1.54359000 	-30.7
60.4	1.54659400 	-30.8
60.5	1.54959900 	-31.0
60.6	1.55260500 	-31.1
60.7	1.55561200 	-31.3
60.8	1.55862000 	-31.4
60.9	1.56162800 	-31.6
61.0	1.56463800 	-31.7
61.1	1.56764800 	-31.9
61.2	1.57066000 	-32.0
61.3	1.57367200 	-32.2
61.4	1.57668500 	-32.3
61.5	1.57969900 	-32.5
61.6	1.58271300 	-32.6
61.7	1.58572900 	-32.8
61.8	1.58874500 	-32.9
61.9	1.59176300 	-33.1
62.0	1.59478100 	-33.2
62.1	1.59780000 	-33.4
62.2	1.60082000 	-33.6
62.3	1.60384000 	-33.7
62.4	1.60686200 	-33.9
62.5	1.60988400 	-34.0
62.6	1.61290700 	-34.2
62.7	1.61593100 	-34.3
62.8	1.61895600 	-34.5
62.9	1.62198200 	-34.7
63.0	1.62500800 	-34.8
63.1	1.62803600 	-35.0
63.2	1.63106400 	-35.1
63.3	1.63409300 	-35.3
63.4	1.63712300 	-35.5
63.5	1.64015300 	-35.6
63.6	1.64318500 	-35.8
63.7	1.64621700 	-35.9
63.8	1.64925000 	-36.1
63.9	1.65228400 	-36.3
64.0	1.65531900 	-36.4
64.1	1.65835500 	-36.6
64.2	1.66139100 	-36.8
64.3	1.66442800 	-36.9
64.4	1.66746600 	-37.1
64.5	1.67050500 	-37.3
64.6	1.67354400 	-37.4
64.7	1.67658500 	-37.6
64.8	1.67962600 	-37.8
64.9	1.68266800 	-37.9
65.0	1.68571100 	-38.1
65.1	1.68875500 	-38.3
65.2	1.69179900 	-38.5
65.3	1.69484500 	-38.6
65.4	1.69789100 	-38.8
65.5	1.70093800 	-39.0
65.6	1.70398500 	-39.1
65.7	1.70703400 	-39.3
65.8	1.71008300 	-39.5
65.9	1.71313300 	-39.7
66.0	1.71618400 	-39.8
66.1	1.71923600 	-40.0
66.2	1.72228800 	-40.2
66.3	1.72534200 	-40.4
66.4	1.72839600 	-40.6
66.5	1.73145100 	-40.7
66.6	1.73450700 	-40.9
66.7	1.73756300 	-41.1
66.8	1.74062100 	-41.3
66.9	1.74367900 	-41.4
67.0	1.74673800 	-41.6
67.1	1.74979800 	-41.8
67.2	1.75285900 	-42.0
67.3	1.75592000 	-42.2
67.4	1.75898300 	-42.4
67.5	1.76204600 	-42.5
67.6	1.76511000 	-42.7
67.7	1.76817500 	-42.9
67.8	1.77124000 	-43.1
67.9	1.77430700 	-43.3
68.0	1.77737400 	-43.5
68.1	1.78044200 	-43.7
68.2	1.78351100 	-43.8
68.3	1.78658100 	-44.0
68.4	1.78965100 	-44.2
68.5	1.79272300 	-44.4
68.6	1.79579500 	-44.6
68.7	1.79886800 	-44.8
68.8	1.80194200 	-45.0
68.9	1.80501700 	-45.2
69.0	1.80809200 	-45.4
69.1	1.81116900 	-45.6
69.2	1.81424600 	-45.7
69.3	1.81732400 	-45.9
69.4	1.82040300 	-46.1
69.5	1.82348300 	-46.3
69.6	1.82656400 	-46.5
69.7	1.82964600 	-46.7
69.8	1.83272800 	-46.9
69.9	1.83581100 	-47.1
70.0	1.83889500 	-47.3
70.1	1.84198000 	-47.5
70.2	1.84506600 	-47.7
70.3	1.84815300 	-47.9
70.4	1.85124100 	-48.1
70.5	1.85432900 	-48.3
70.6	1.85741900 	-48.5
70.7	1.86050900 	-48.7
70.8	1.86360000 	-48.9
70.9	1.86669200 	-49.1
71.0	1.86978500 	-49.3
71.1	1.87287900 	-49.5
71.2	1.87597400 	-49.7
71.3	1.87906900 	-49.9
71.4	1.88216600 	-50.1
71.5	1.88526300 	-50.3
71.6	1.88836200 	-50.5
71.7	1.89146100 	-50.8
71.8	1.89456100 	-51.0
71.9	1.89766200 	-51.2
72.0	1.90076400 	-51.4
72.1	1.90386700 	-51.6
72.2	1.90697100 	-51.8
72.3	1.91007600 	-52.0
72.4	1.91318200 	-52.2
72.5	1.91628800 	-52.4
72.6	1.91939600 	-52.6
72.7	1.92250400 	-52.9
72.8	1.92561400 	-53.1
72.9	1.92872400 	-53.3
73.0	1.93183600 	-53.5
73.1	1.93494800 	-53.7
73.2	1.93806100 	-53.9
73.3	1.94117500 	-54.2
73.4	1.94429100 	-54.4
73.5	1.94740700 	-54.6
73.6	1.95052400 	-54.8
73.7	1.95364200 	-55.0
73.8	1.95676100 	-55.2
73.9	1.95988100 	-55.5
74.0	1.96300200 	-55.7
74.1	1.96612400 	-55.9
74.2	1.96924700 	-56.1
74.3	1.97237100 	-56.4
74.4	1.97549600 	-56.6
74.5	1.97862200 	-56.8
74.6	1.98174900 	-57.0
74.7	1.98487700 	-57.3
74.8	1.98800600 	-57.5
74.9	1.99113600 	-57.7
75.0	1.99426700 	-57.9
75.1	1.99739900 	-58.2
75.2	2.00053200 	-58.4
75.3	2.00366600 	-58.6
75.4	2.00680100 	-58.8
75.5	2.00993800 	-59.1
75.6	2.01307500 	-59.3
75.7	2.01621300 	-59.5
75.8	2.01935200 	-59.8
75.9	2.02249200 	-60.0
76.0	2.02563400 	-60.2
76.1	2.02877600 	-60.5
76.2	2.03191900 	-60.7
76.3	2.03506400 	-60.9
76.4	2.03820900 	-61.2
76.5	2.04135600 	-61.4
76.6	2.04450400 	-61.7
76.7	2.04765200 	-61.9
76.8	2.05080200 	-62.1
76.9	2.05395300 	-62.4
77.0	2.05710500 	-62.6
77.1	2.06025800 	-62.9
77.2	2.06341200 	-63.1
77.3	2.06656700 	-63.3
77.4	2.06972300 	-63.6
77.5	2.07288000 	-63.8
77.6	2.07603800 	-64.1
77.7	2.07919800 	-64.3
77.8	2.08235800 	-64.6
77.9	2.08552000 	-64.8
78.0	2.08868300 	-65.0
78.1	2.09184600 	-65.3
78.2	2.09501100 	-65.5
78.3	2.09817700 	-65.8
78.4	2.10134400 	-66.0
78.5	2.10451200 	-66.3
78.6	2.10768200 	-66.5
78.7	2.11085200 	-66.8
78.8	2.11402300 	-67.0
78.9	2.11719600 	-67.3
79.0	2.12037000 	-67.6
79.1	2.12354400 	-67.8
79.2	2.12672000 	-68.1
79.3	2.12989700 	-68.3
79.4	2.13307500 	-68.6
79.5	2.13625400 	-68.8
79.6	2.13943500 	-69.1
79.7	2.14261600 	-69.3
79.8	2.14579900 	-69.6
79.9	2.14898200 	-69.9
80.0	2.15216700 	-70.1
80.1	2.15535300 	-70.4
80.2	2.15854000 	-70.6
80.3	2.16172800 	-70.9
80.4	2.16491700 	-71.2
80.5	2.16810700 	-71.4
80.6	2.17129900 	-71.7
80.7	2.17449100 	-72.0
80.8	2.17768500 	-72.2
80.9	2.18088000 	-72.5
81.0	2.18407600 	-72.8
81.1	2.18727300 	-73.0
81.2	2.19047100 	-73.3
81.3	2.19367000 	-73.6
81.4	2.19687000 	-73.8
81.5	2.20007100 	-74.1
81.6	2.20327400 	-74.4
81.7	2.20647700 	-74.7
81.8	2.20968200 	-74.9
81.9	2.21288800 	-75.2
82.0	2.21609500 	-75.5
82.1	2.21930300 	-75.8
82.2	2.22251200 	-76.0
82.3	2.22572200 	-76.3
82.4	2.22893300 	-76.6
82.5	2.23214500 	-76.9
82.6	2.23535900 	-77.1
82.7	2.23857300 	-77.4
82.8	2.24178900 	-77.7
82.9	2.24500500 	-78.0
83.0	2.24822300 	-78.3
83.1	2.25144200 	-78.6
83.2	2.25466100 	-78.8
83.3	2.25788200 	-79.1
83.4	2.26110400 	-79.4
83.5	2.26432700 	-79.7
83.6	2.26755100 	-80.0
83.7	2.27077600 	-80.3
83.8	2.27400200 	-80.6
83.9	2.27722900 	-80.8
84.0	2.28045700 	-81.1
84.1	2.28368600 	-81.4
84.2	2.28691600 	-81.7
84.3	2.29014700 	-82.0
84.4	2.29338000 	-82.3
84.5	2.29661300 	-82.6
84.6	2.29984700 	-82.9
84.7	2.30308200 	-83.2
84.8	2.30631800 	-83.5
84.9	2.30955500 	-83.8
85.0	2.31279300 	-84.1
85.1	2.31603200 	-84.4
85.2	2.31927200 	-84.7
85.3	2.32251300 	-85.0
85.4	2.32575400 	-85.3
85.5	2.32899700 	-85.6
85.6	2.33224100 	-85.9
85.7	2.33548500 	-86.2
85.8	2.33873100 	-86.5
85.9	2.34197700 	-86.8
86.0	2.34522400 	-87.1
86.1	2.34847200 	-87.4
86.2	2.35172100 	-87.7
86.3	2.35497100 	-88.0
86.4	2.35822200 	-88.3
86.5	2.36147300 	-88.6
86.6	2.36472600 	-88.9
86.7	2.36797900 	-89.3
86.8	2.37123300 	-89.6
86.9	2.37448800 	-89.9
87.0	2.37774300 	-90.2
87.1	2.38100000 	-90.5
87.2	2.38425700 	-90.8
87.3	2.38751500 	-91.1
87.4	2.39077300 	-91.5
87.5	2.39403200 	-91.8
87.6	2.39729200 	-92.1
87.7	2.40055300 	-92.4
87.8	2.40381500 	-92.7
87.9	2.40707700 	-93.1
88.0	2.41034000 	-93.4
88.1	2.41360300 	-93.7
88.2	2.41686700 	-94.0
88.3	2.42013200 	-94.3
88.4	2.42339700 	-94.7
88.5	2.42666300 	-95.0
88.6	2.42992900 	-95.3
88.7	2.43319700 	-95.7
88.8	2.43646400 	-96.0
88.9	2.43973200 	-96.3
89.0	2.44300100 	-96.6
89.1	2.44627000 	-97.0
89.2	2.44954000 	-97.3
89.3	2.45281000 	-97.6
89.4	2.45608100 	-98.0
89.5	2.45935200 	-98.3
89.6	2.46262300 	-98.6
89.7	2.46589500 	-99.0
89.8	2.46916700 	-99.3
89.9	2.47244000 	-99.7