FOV	paraxial height	real height	dist %
0.1	2.25E-03	2.25E-03	-6.00E-05
0.2	4.50E-03	4.50E-03	-2.43E-04
0.3	6.74E-03	6.74E-03	-5.47E-04
0.4	8.99E-03	8.99E-03	-9.73E-04
0.5	1.12E-02	1.12E-02	-1.52E-03
0.6	1.35E-02	1.35E-02	-2.19E-03
0.7	1.57E-02	1.57E-02	-2.98E-03
0.8	1.80E-02	1.80E-02	-3.89E-03
0.9	2.02E-02	2.02E-02	-4.93E-03
1	2.25E-02	2.25E-02	-6.08E-03
1.1	2.47E-02	2.47E-02	-7.36E-03
1.2	2.70E-02	2.70E-02	-8.76E-03
1.3	2.92E-02	2.92E-02	-1.03E-02
1.4	3.15E-02	3.15E-02	-1.19E-02
1.5	3.37E-02	3.37E-02	-1.37E-02
1.6	3.60E-02	3.60E-02	-1.56E-02
1.7	3.82E-02	3.82E-02	-1.76E-02
1.8	4.05E-02	4.05E-02	-1.97E-02
1.9	4.27E-02	4.27E-02	-2.20E-02
2	4.50E-02	4.50E-02	-2.44E-02
2.1	4.72E-02	4.72E-02	-2.69E-02
2.2	4.95E-02	4.95E-02	-2.95E-02
2.3	5.17E-02	5.17E-02	-3.22E-02
2.4	5.40E-02	5.40E-02	-3.51E-02
2.5	5.62E-02	5.62E-02	-3.81E-02
2.6	5.85E-02	5.85E-02	-4.12E-02
2.7	6.07E-02	6.07E-02	-4.44E-02
2.8	6.30E-02	6.30E-02	-4.78E-02
2.9	6.52E-02	6.52E-02	-5.13E-02
3	6.75E-02	6.75E-02	-5.49E-02
3.1	6.97E-02	6.97E-02	-5.86E-02
3.2	7.20E-02	7.20E-02	-6.25E-02
3.3	7.43E-02	7.42E-02	-6.65E-02
3.4	7.65E-02	7.65E-02	-7.06E-02
3.5	7.88E-02	7.87E-02	-7.48E-02
3.6	8.10E-02	8.10E-02	-7.92E-02
3.7	8.33E-02	8.32E-02	-8.36E-02
3.8	8.55E-02	8.55E-02	-8.82E-02
3.9	8.78E-02	8.77E-02	-9.30E-02
4	9.00E-02	9.00E-02	-9.78E-02
4.1	9.23E-02	9.22E-02	-1.03E-01
4.2	9.46E-02	9.45E-02	-1.08E-01
4.3	9.68E-02	9.67E-02	-1.13E-01
4.4	9.91E-02	9.90E-02	-1.18E-01
4.5	1.01E-01	1.01E-01	-1.24E-01
4.6	1.04E-01	1.03E-01	-1.30E-01
4.7	1.06E-01	1.06E-01	-1.35E-01
4.8	1.08E-01	1.08E-01	-1.41E-01
4.9	1.10E-01	1.10E-01	-1.47E-01
5	1.13E-01	1.12E-01	-1.53E-01
5.1	1.15E-01	1.15E-01	-1.60E-01
5.2	1.17E-01	1.17E-01	-1.66E-01
5.3	1.19E-01	1.19E-01	-1.72E-01
5.4	1.22E-01	1.22E-01	-1.79E-01
5.5	1.24E-01	1.24E-01	-1.86E-01
5.6	1.26E-01	1.26E-01	-1.93E-01
5.7	1.29E-01	1.28E-01	-2.00E-01
5.8	1.31E-01	1.31E-01	-2.07E-01
5.9	1.33E-01	1.33E-01	-2.14E-01
6	1.35E-01	1.35E-01	-2.21E-01
6.1	1.38E-01	1.37E-01	-2.29E-01
6.2	1.40E-01	1.40E-01	-2.37E-01
6.3	1.42E-01	1.42E-01	-2.44E-01
6.4	1.44E-01	1.44E-01	-2.52E-01
6.5	1.47E-01	1.46E-01	-2.60E-01
6.6	1.49E-01	1.49E-01	-2.69E-01
6.7	1.51E-01	1.51E-01	-2.77E-01
6.8	1.54E-01	1.53E-01	-2.85E-01
6.9	1.56E-01	1.55E-01	-2.94E-01
7	1.58E-01	1.58E-01	-3.03E-01
7.1	1.60E-01	1.60E-01	-3.12E-01
7.2	1.63E-01	1.62E-01	-3.21E-01
7.3	1.65E-01	1.64E-01	-3.30E-01
7.4	1.67E-01	1.67E-01	-3.39E-01
7.5	1.70E-01	1.69E-01	-3.48E-01
7.6	1.72E-01	1.71E-01	-3.58E-01
7.7	1.74E-01	1.73E-01	-3.67E-01
7.8	1.76E-01	1.76E-01	-3.77E-01
7.9	1.79E-01	1.78E-01	-3.87E-01
8	1.81E-01	1.80E-01	-3.97E-01
8.1	1.83E-01	1.83E-01	-4.07E-01
8.2	1.86E-01	1.85E-01	-4.18E-01
8.3	1.88E-01	1.87E-01	-4.28E-01
8.4	1.90E-01	1.89E-01	-4.39E-01
8.5	1.92E-01	1.92E-01	-4.49E-01
8.6	1.95E-01	1.94E-01	-4.60E-01
8.7	1.97E-01	1.96E-01	-4.71E-01
8.8	1.99E-01	1.98E-01	-4.83E-01
8.9	2.02E-01	2.01E-01	-4.94E-01
9	2.04E-01	2.03E-01	-5.05E-01
9.1	2.06E-01	2.05E-01	-5.17E-01
9.2	2.09E-01	2.07E-01	-5.28E-01
9.3	2.11E-01	2.10E-01	-5.40E-01
9.4	2.13E-01	2.12E-01	-5.52E-01
9.5	2.15E-01	2.14E-01	-5.64E-01
9.6	2.18E-01	2.17E-01	-5.77E-01
9.7	2.20E-01	2.19E-01	-5.89E-01
9.8	2.22E-01	2.21E-01	-6.02E-01
9.9	2.25E-01	2.23E-01	-6.14E-01
10	2.27E-01	2.26E-01	-6.27E-01
10.1	2.29E-01	2.28E-01	-6.40E-01
10.2	2.32E-01	2.30E-01	-6.53E-01
10.3	2.34E-01	2.32E-01	-6.67E-01
10.4	2.36E-01	2.35E-01	-6.80E-01
10.5	2.39E-01	2.37E-01	-6.94E-01
10.6	2.41E-01	2.39E-01	-7.07E-01
10.7	2.43E-01	2.42E-01	-7.21E-01
10.8	2.46E-01	2.44E-01	-7.35E-01
10.9	2.48E-01	2.46E-01	-7.49E-01
11	2.50E-01	2.48E-01	-7.63E-01
11.1	2.53E-01	2.51E-01	-7.78E-01
11.2	2.55E-01	2.53E-01	-7.92E-01
11.3	2.57E-01	2.55E-01	-8.07E-01
11.4	2.60E-01	2.58E-01	-8.22E-01
11.5	2.62E-01	2.60E-01	-8.37E-01
11.6	2.64E-01	2.62E-01	-8.52E-01
11.7	2.67E-01	2.64E-01	-8.68E-01
11.8	2.69E-01	2.67E-01	-8.83E-01
11.9	2.71E-01	2.69E-01	-8.99E-01
12	2.74E-01	2.71E-01	-9.14E-01
12.1	2.76E-01	2.73E-01	-9.30E-01
12.2	2.78E-01	2.76E-01	-9.46E-01
12.3	2.81E-01	2.78E-01	-9.63E-01
12.4	2.83E-01	2.80E-01	-9.79E-01
12.5	2.85E-01	2.83E-01	-9.95E-01
12.6	2.88E-01	2.85E-01	-1.01E+00
12.7	2.90E-01	2.87E-01	-1.03E+00
12.8	2.93E-01	2.90E-01	-1.05E+00
12.9	2.95E-01	2.92E-01	-1.06E+00
13	2.97E-01	2.94E-01	-1.08E+00
13.1	3.00E-01	2.96E-01	-1.10E+00
13.2	3.02E-01	2.99E-01	-1.12E+00
13.3	3.04E-01	3.01E-01	-1.13E+00
13.4	3.07E-01	3.03E-01	-1.15E+00
13.5	3.09E-01	3.06E-01	-1.17E+00
13.6	3.12E-01	3.08E-01	-1.19E+00
13.7	3.14E-01	3.10E-01	-1.21E+00
13.8	3.16E-01	3.12E-01	-1.22E+00
13.9	3.19E-01	3.15E-01	-1.24E+00
14	3.21E-01	3.17E-01	-1.26E+00
14.1	3.23E-01	3.19E-01	-1.28E+00
14.2	3.26E-01	3.22E-01	-1.30E+00
14.3	3.28E-01	3.24E-01	-1.32E+00
14.4	3.31E-01	3.26E-01	-1.34E+00
14.5	3.33E-01	3.29E-01	-1.36E+00
14.6	3.35E-01	3.31E-01	-1.38E+00
14.7	3.38E-01	3.33E-01	-1.40E+00
14.8	3.40E-01	3.35E-01	-1.42E+00
14.9	3.43E-01	3.38E-01	-1.44E+00
15	3.45E-01	3.40E-01	-1.46E+00
15.1	3.47E-01	3.42E-01	-1.48E+00
15.2	3.50E-01	3.45E-01	-1.50E+00
15.3	3.52E-01	3.47E-01	-1.52E+00
15.4	3.55E-01	3.49E-01	-1.54E+00
15.5	3.57E-01	3.52E-01	-1.56E+00
15.6	3.60E-01	3.54E-01	-1.59E+00
15.7	3.62E-01	3.56E-01	-1.61E+00
15.8	3.64E-01	3.58E-01	-1.63E+00
15.9	3.67E-01	3.61E-01	-1.65E+00
16	3.69E-01	3.63E-01	-1.67E+00
16.1	3.72E-01	3.65E-01	-1.70E+00
16.2	3.74E-01	3.68E-01	-1.72E+00
16.3	3.77E-01	3.70E-01	-1.74E+00
16.4	3.79E-01	3.72E-01	-1.76E+00
16.5	3.81E-01	3.75E-01	-1.79E+00
16.6	3.84E-01	3.77E-01	-1.81E+00
16.7	3.86E-01	3.79E-01	-1.83E+00
16.8	3.89E-01	3.82E-01	-1.86E+00
16.9	3.91E-01	3.84E-01	-1.88E+00
17	3.94E-01	3.86E-01	-1.90E+00
17.1	3.96E-01	3.89E-01	-1.93E+00
17.2	3.99E-01	3.91E-01	-1.95E+00
17.3	4.01E-01	3.93E-01	-1.98E+00
17.4	4.04E-01	3.95E-01	-2.00E+00
17.5	4.06E-01	3.98E-01	-2.02E+00
17.6	4.08E-01	4.00E-01	-2.05E+00
17.7	4.11E-01	4.02E-01	-2.07E+00
17.8	4.13E-01	4.05E-01	-2.10E+00
17.9	4.16E-01	4.07E-01	-2.13E+00
18	4.18E-01	4.09E-01	-2.15E+00
18.1	4.21E-01	4.12E-01	-2.18E+00
18.2	4.23E-01	4.14E-01	-2.20E+00
18.3	4.26E-01	4.16E-01	-2.23E+00
18.4	4.28E-01	4.19E-01	-2.25E+00
18.5	4.31E-01	4.21E-01	-2.28E+00
18.6	4.33E-01	4.23E-01	-2.31E+00
18.7	4.36E-01	4.26E-01	-2.33E+00
18.8	4.38E-01	4.28E-01	-2.36E+00
18.9	4.41E-01	4.30E-01	-2.39E+00
19	4.43E-01	4.33E-01	-2.42E+00
19.1	4.46E-01	4.35E-01	-2.44E+00
19.2	4.48E-01	4.37E-01	-2.47E+00
19.3	4.51E-01	4.40E-01	-2.50E+00
19.4	4.53E-01	4.42E-01	-2.53E+00
19.5	4.56E-01	4.44E-01	-2.55E+00
19.6	4.59E-01	4.47E-01	-2.58E+00
19.7	4.61E-01	4.49E-01	-2.61E+00
19.8	4.64E-01	4.51E-01	-2.64E+00
19.9	4.66E-01	4.54E-01	-2.67E+00
20	4.69E-01	4.56E-01	-2.70E+00
20.1	4.71E-01	4.58E-01	-2.73E+00
20.2	4.74E-01	4.61E-01	-2.76E+00
20.3	4.76E-01	4.63E-01	-2.79E+00
20.4	4.79E-01	4.65E-01	-2.82E+00
20.5	4.81E-01	4.68E-01	-2.85E+00
20.6	4.84E-01	4.70E-01	-2.88E+00
20.7	4.87E-01	4.72E-01	-2.91E+00
20.8	4.89E-01	4.75E-01	-2.94E+00
20.9	4.92E-01	4.77E-01	-2.97E+00
21	4.94E-01	4.79E-01	-3.00E+00
21.1	4.97E-01	4.82E-01	-3.03E+00
21.2	4.99E-01	4.84E-01	-3.06E+00
21.3	5.02E-01	4.87E-01	-3.09E+00
21.4	5.05E-01	4.89E-01	-3.13E+00
21.5	5.07E-01	4.91E-01	-3.16E+00
21.6	5.10E-01	4.94E-01	-3.19E+00
21.7	5.12E-01	4.96E-01	-3.22E+00
21.8	5.15E-01	4.98E-01	-3.25E+00
21.9	5.18E-01	5.01E-01	-3.29E+00
22	5.20E-01	5.03E-01	-3.32E+00
22.1	5.23E-01	5.05E-01	-3.35E+00
22.2	5.26E-01	5.08E-01	-3.39E+00
22.3	5.28E-01	5.10E-01	-3.42E+00
22.4	5.31E-01	5.12E-01	-3.45E+00
22.5	5.33E-01	5.15E-01	-3.49E+00
22.6	5.36E-01	5.17E-01	-3.52E+00
22.7	5.39E-01	5.20E-01	-3.55E+00
22.8	5.41E-01	5.22E-01	-3.59E+00
22.9	5.44E-01	5.24E-01	-3.62E+00
23	5.47E-01	5.27E-01	-3.66E+00
23.1	5.49E-01	5.29E-01	-3.69E+00
23.2	5.52E-01	5.31E-01	-3.73E+00
23.3	5.55E-01	5.34E-01	-3.76E+00
23.4	5.57E-01	5.36E-01	-3.80E+00
23.5	5.60E-01	5.38E-01	-3.84E+00
23.6	5.63E-01	5.41E-01	-3.87E+00
23.7	5.65E-01	5.43E-01	-3.91E+00
23.8	5.68E-01	5.46E-01	-3.94E+00
23.9	5.71E-01	5.48E-01	-3.98E+00
24	5.73E-01	5.50E-01	-4.02E+00
24.1	5.76E-01	5.53E-01	-4.05E+00
24.2	5.79E-01	5.55E-01	-4.09E+00
24.3	5.81E-01	5.57E-01	-4.13E+00
24.4	5.84E-01	5.60E-01	-4.17E+00
24.5	5.87E-01	5.62E-01	-4.20E+00
24.6	5.90E-01	5.65E-01	-4.24E+00
24.7	5.92E-01	5.67E-01	-4.28E+00
24.8	5.95E-01	5.69E-01	-4.32E+00
24.9	5.98E-01	5.72E-01	-4.36E+00
25	6.00E-01	5.74E-01	-4.39E+00
25.1	6.03E-01	5.76E-01	-4.43E+00
25.2	6.06E-01	5.79E-01	-4.47E+00
25.3	6.09E-01	5.81E-01	-4.51E+00
25.4	6.11E-01	5.84E-01	-4.55E+00
25.5	6.14E-01	5.86E-01	-4.59E+00
25.6	6.17E-01	5.88E-01	-4.63E+00
25.7	6.20E-01	5.91E-01	-4.67E+00
25.8	6.23E-01	5.93E-01	-4.71E+00
25.9	6.25E-01	5.96E-01	-4.75E+00
26	6.28E-01	5.98E-01	-4.79E+00
26.1	6.31E-01	6.00E-01	-4.83E+00
26.2	6.34E-01	6.03E-01	-4.88E+00
26.3	6.36E-01	6.05E-01	-4.92E+00
26.4	6.39E-01	6.08E-01	-4.96E+00
26.5	6.42E-01	6.10E-01	-5.00E+00
26.6	6.45E-01	6.12E-01	-5.04E+00
26.7	6.48E-01	6.15E-01	-5.08E+00
26.8	6.50E-01	6.17E-01	-5.13E+00
26.9	6.53E-01	6.20E-01	-5.17E+00
27	6.56E-01	6.22E-01	-5.21E+00
27.1	6.59E-01	6.24E-01	-5.25E+00
27.2	6.62E-01	6.27E-01	-5.30E+00
27.3	6.65E-01	6.29E-01	-5.34E+00
27.4	6.68E-01	6.32E-01	-5.38E+00
27.5	6.70E-01	6.34E-01	-5.43E+00
27.6	6.73E-01	6.36E-01	-5.47E+00
27.7	6.76E-01	6.39E-01	-5.52E+00
27.8	6.79E-01	6.41E-01	-5.56E+00
27.9	6.82E-01	6.44E-01	-5.61E+00
28	6.85E-01	6.46E-01	-5.65E+00
28.1	6.88E-01	6.48E-01	-5.70E+00
28.2	6.90E-01	6.51E-01	-5.74E+00
28.3	6.93E-01	6.53E-01	-5.79E+00
28.4	6.96E-01	6.56E-01	-5.83E+00
28.5	6.99E-01	6.58E-01	-5.88E+00
28.6	7.02E-01	6.61E-01	-5.92E+00
28.7	7.05E-01	6.63E-01	-5.97E+00
28.8	7.08E-01	6.65E-01	-6.02E+00
28.9	7.11E-01	6.68E-01	-6.06E+00
29	7.14E-01	6.70E-01	-6.11E+00
29.1	7.17E-01	6.73E-01	-6.16E+00
29.2	7.20E-01	6.75E-01	-6.21E+00
29.3	7.23E-01	6.77E-01	-6.25E+00
29.4	7.26E-01	6.80E-01	-6.30E+00
29.5	7.29E-01	6.82E-01	-6.35E+00
29.6	7.32E-01	6.85E-01	-6.40E+00
29.7	7.35E-01	6.87E-01	-6.45E+00
29.8	7.37E-01	6.90E-01	-6.50E+00
29.9	7.40E-01	6.92E-01	-6.54E+00
30	7.43E-01	6.94E-01	-6.59E+00
30.1	7.46E-01	6.97E-01	-6.64E+00
30.2	7.49E-01	6.99E-01	-6.69E+00
30.3	7.52E-01	7.02E-01	-6.74E+00
30.4	7.56E-01	7.04E-01	-6.79E+00
30.5	7.59E-01	7.07E-01	-6.84E+00
30.6	7.62E-01	7.09E-01	-6.89E+00
30.7	7.65E-01	7.12E-01	-6.94E+00
30.8	7.68E-01	7.14E-01	-6.99E+00
30.9	7.71E-01	7.16E-01	-7.05E+00
31	7.74E-01	7.19E-01	-7.10E+00
31.1	7.77E-01	7.21E-01	-7.15E+00
31.2	7.80E-01	7.24E-01	-7.20E+00
31.3	7.83E-01	7.26E-01	-7.25E+00
31.4	7.86E-01	7.29E-01	-7.30E+00
31.5	7.89E-01	7.31E-01	-7.36E+00
31.6	7.92E-01	7.34E-01	-7.41E+00
31.7	7.95E-01	7.36E-01	-7.46E+00
31.8	7.98E-01	7.38E-01	-7.52E+00
31.9	8.02E-01	7.41E-01	-7.57E+00
32	8.05E-01	7.43E-01	-7.62E+00
32.1	8.08E-01	7.46E-01	-7.68E+00
32.2	8.11E-01	7.48E-01	-7.73E+00
32.3	8.14E-01	7.51E-01	-7.78E+00
32.4	8.17E-01	7.53E-01	-7.84E+00
32.5	8.20E-01	7.56E-01	-7.89E+00
32.6	8.24E-01	7.58E-01	-7.95E+00
32.7	8.27E-01	7.61E-01	-8.00E+00
32.8	8.30E-01	7.63E-01	-8.06E+00
32.9	8.33E-01	7.65E-01	-8.11E+00
33	8.36E-01	7.68E-01	-8.17E+00
33.1	8.39E-01	7.70E-01	-8.23E+00
33.2	8.43E-01	7.73E-01	-8.28E+00
33.3	8.46E-01	7.75E-01	-8.34E+00
33.4	8.49E-01	7.78E-01	-8.40E+00
33.5	8.52E-01	7.80E-01	-8.45E+00
33.6	8.56E-01	7.83E-01	-8.51E+00
33.7	8.59E-01	7.85E-01	-8.57E+00
33.8	8.62E-01	7.88E-01	-8.62E+00
33.9	8.65E-01	7.90E-01	-8.68E+00
34	8.69E-01	7.93E-01	-8.74E+00
34.1	8.72E-01	7.95E-01	-8.80E+00
34.2	8.75E-01	7.98E-01	-8.86E+00
34.3	8.78E-01	8.00E-01	-8.92E+00
34.4	8.82E-01	8.03E-01	-8.98E+00
34.5	8.85E-01	8.05E-01	-9.03E+00
34.6	8.88E-01	8.08E-01	-9.09E+00
34.7	8.92E-01	8.10E-01	-9.15E+00
34.8	8.95E-01	8.13E-01	-9.21E+00
34.9	8.98E-01	8.15E-01	-9.27E+00
35	9.02E-01	8.18E-01	-9.33E+00
35.1	9.05E-01	8.20E-01	-9.40E+00
35.2	9.08E-01	8.23E-01	-9.46E+00
35.3	9.12E-01	8.25E-01	-9.52E+00
35.4	9.15E-01	8.27E-01	-9.58E+00
35.5	9.19E-01	8.30E-01	-9.64E+00
35.6	9.22E-01	8.32E-01	-9.70E+00
35.7	9.25E-01	8.35E-01	-9.76E+00
35.8	9.29E-01	8.37E-01	-9.83E+00
35.9	9.32E-01	8.40E-01	-9.89E+00
36	9.36E-01	8.42E-01	-9.95E+00
36.1	9.39E-01	8.45E-01	-1.00E+01
36.2	9.42E-01	8.48E-01	-1.01E+01
36.3	9.46E-01	8.50E-01	-1.01E+01
36.4	9.49E-01	8.53E-01	-1.02E+01
36.5	9.53E-01	8.55E-01	-1.03E+01
36.6	9.56E-01	8.58E-01	-1.03E+01
36.7	9.60E-01	8.60E-01	-1.04E+01
36.8	9.63E-01	8.63E-01	-1.05E+01
36.9	9.67E-01	8.65E-01	-1.05E+01
37	9.70E-01	8.68E-01	-1.06E+01
37.1	9.74E-01	8.70E-01	-1.07E+01
37.2	9.77E-01	8.73E-01	-1.07E+01
37.3	9.81E-01	8.75E-01	-1.08E+01
37.4	9.85E-01	8.78E-01	-1.09E+01
37.5	9.88E-01	8.80E-01	-1.09E+01
37.6	9.92E-01	8.83E-01	-1.10E+01
37.7	9.95E-01	8.85E-01	-1.11E+01
37.8	9.99E-01	8.88E-01	-1.11E+01
37.9	1.00E+00	8.90E-01	-1.12E+01
38	1.01E+00	8.93E-01	-1.13E+01
38.1	1.01E+00	8.95E-01	-1.13E+01
38.2	1.01E+00	8.98E-01	-1.14E+01
38.3	1.02E+00	9.00E-01	-1.15E+01
38.4	1.02E+00	9.03E-01	-1.15E+01
38.5	1.02E+00	9.06E-01	-1.16E+01
38.6	1.03E+00	9.08E-01	-1.17E+01
38.7	1.03E+00	9.11E-01	-1.17E+01
38.8	1.04E+00	9.13E-01	-1.18E+01
38.9	1.04E+00	9.16E-01	-1.19E+01
39	1.04E+00	9.18E-01	-1.19E+01
39.1	1.05E+00	9.21E-01	-1.20E+01
39.2	1.05E+00	9.23E-01	-1.21E+01
39.3	1.05E+00	9.26E-01	-1.22E+01
39.4	1.06E+00	9.28E-01	-1.22E+01
39.5	1.06E+00	9.31E-01	-1.23E+01
39.6	1.07E+00	9.34E-01	-1.24E+01
39.7	1.07E+00	9.36E-01	-1.24E+01
39.8	1.07E+00	9.39E-01	-1.25E+01
39.9	1.08E+00	9.41E-01	-1.26E+01
40	1.08E+00	9.44E-01	-1.27E+01
40.1	1.08E+00	9.46E-01	-1.27E+01
40.2	1.09E+00	9.49E-01	-1.28E+01
40.3	1.09E+00	9.51E-01	-1.29E+01
40.4	1.10E+00	9.54E-01	-1.30E+01
40.5	1.10E+00	9.57E-01	-1.30E+01
40.6	1.10E+00	9.59E-01	-1.31E+01
40.7	1.11E+00	9.62E-01	-1.32E+01
40.8	1.11E+00	9.64E-01	-1.33E+01
40.9	1.12E+00	9.67E-01	-1.33E+01
41	1.12E+00	9.69E-01	-1.34E+01
41.1	1.12E+00	9.72E-01	-1.35E+01
41.2	1.13E+00	9.75E-01	-1.36E+01
41.3	1.13E+00	9.77E-01	-1.36E+01
41.4	1.14E+00	9.80E-01	-1.37E+01
41.5	1.14E+00	9.82E-01	-1.38E+01
41.6	1.14E+00	9.85E-01	-1.39E+01
41.7	1.15E+00	9.87E-01	-1.39E+01
41.8	1.15E+00	9.90E-01	-1.40E+01
41.9	1.16E+00	9.93E-01	-1.41E+01
42	1.16E+00	9.95E-01	-1.42E+01
42.1	1.16E+00	9.98E-01	-1.42E+01
42.2	1.17E+00	1.00E+00	-1.43E+01
42.3	1.17E+00	1.00E+00	-1.44E+01
42.4	1.18E+00	1.01E+00	-1.45E+01
42.5	1.18E+00	1.01E+00	-1.46E+01
42.6	1.18E+00	1.01E+00	-1.46E+01
42.7	1.19E+00	1.01E+00	-1.47E+01
42.8	1.19E+00	1.02E+00	-1.48E+01
42.9	1.20E+00	1.02E+00	-1.49E+01
43	1.20E+00	1.02E+00	-1.50E+01
43.1	1.21E+00	1.02E+00	-1.50E+01
43.2	1.21E+00	1.03E+00	-1.51E+01
43.3	1.21E+00	1.03E+00	-1.52E+01
43.4	1.22E+00	1.03E+00	-1.53E+01
43.5	1.22E+00	1.03E+00	-1.54E+01
43.6	1.23E+00	1.04E+00	-1.54E+01
43.7	1.23E+00	1.04E+00	-1.55E+01
43.8	1.23E+00	1.04E+00	-1.56E+01
43.9	1.24E+00	1.04E+00	-1.57E+01
44	1.24E+00	1.05E+00	-1.58E+01
44.1	1.25E+00	1.05E+00	-1.59E+01
44.2	1.25E+00	1.05E+00	-1.59E+01
44.3	1.26E+00	1.06E+00	-1.60E+01
44.4	1.26E+00	1.06E+00	-1.61E+01
44.5	1.27E+00	1.06E+00	-1.62E+01
44.6	1.27E+00	1.06E+00	-1.63E+01
44.7	1.27E+00	1.07E+00	-1.64E+01
44.8	1.28E+00	1.07E+00	-1.65E+01
44.9	1.28E+00	1.07E+00	-1.65E+01
45	1.29E+00	1.07E+00	-1.66E+01
45.1	1.29E+00	1.08E+00	-1.67E+01
45.2	1.30E+00	1.08E+00	-1.68E+01
45.3	1.30E+00	1.08E+00	-1.69E+01
45.4	1.31E+00	1.08E+00	-1.70E+01
45.5	1.31E+00	1.09E+00	-1.71E+01
45.6	1.31E+00	1.09E+00	-1.71E+01
45.7	1.32E+00	1.09E+00	-1.72E+01
45.8	1.32E+00	1.09E+00	-1.73E+01
45.9	1.33E+00	1.10E+00	-1.74E+01
46	1.33E+00	1.10E+00	-1.75E+01
46.1	1.34E+00	1.10E+00	-1.76E+01
46.2	1.34E+00	1.11E+00	-1.77E+01
46.3	1.35E+00	1.11E+00	-1.78E+01
46.4	1.35E+00	1.11E+00	-1.79E+01
46.5	1.36E+00	1.11E+00	-1.80E+01
46.6	1.36E+00	1.12E+00	-1.80E+01
46.7	1.37E+00	1.12E+00	-1.81E+01
46.8	1.37E+00	1.12E+00	-1.82E+01
46.9	1.38E+00	1.12E+00	-1.83E+01
47	1.38E+00	1.13E+00	-1.84E+01
47.1	1.39E+00	1.13E+00	-1.85E+01
47.2	1.39E+00	1.13E+00	-1.86E+01
47.3	1.40E+00	1.13E+00	-1.87E+01
47.4	1.40E+00	1.14E+00	-1.88E+01
47.5	1.41E+00	1.14E+00	-1.89E+01
47.6	1.41E+00	1.14E+00	-1.90E+01
47.7	1.42E+00	1.15E+00	-1.91E+01
47.8	1.42E+00	1.15E+00	-1.92E+01
47.9	1.43E+00	1.15E+00	-1.92E+01
48	1.43E+00	1.15E+00	-1.93E+01
48.1	1.44E+00	1.16E+00	-1.94E+01
48.2	1.44E+00	1.16E+00	-1.95E+01
48.3	1.45E+00	1.16E+00	-1.96E+01
48.4	1.45E+00	1.16E+00	-1.97E+01
48.5	1.46E+00	1.17E+00	-1.98E+01
48.6	1.46E+00	1.17E+00	-1.99E+01
48.7	1.47E+00	1.17E+00	-2.00E+01
48.8	1.47E+00	1.18E+00	-2.01E+01
48.9	1.48E+00	1.18E+00	-2.02E+01
49	1.48E+00	1.18E+00	-2.03E+01
49.1	1.49E+00	1.18E+00	-2.04E+01
49.2	1.49E+00	1.19E+00	-2.05E+01
49.3	1.50E+00	1.19E+00	-2.06E+01
49.4	1.50E+00	1.19E+00	-2.07E+01
49.5	1.51E+00	1.19E+00	-2.08E+01
49.6	1.51E+00	1.20E+00	-2.09E+01
49.7	1.52E+00	1.20E+00	-2.10E+01
49.8	1.52E+00	1.20E+00	-2.11E+01
49.9	1.53E+00	1.21E+00	-2.12E+01
50	1.53E+00	1.21E+00	-2.13E+01
50.1	1.54E+00	1.21E+00	-2.14E+01
50.2	1.55E+00	1.21E+00	-2.15E+01
50.3	1.55E+00	1.22E+00	-2.16E+01
50.4	1.56E+00	1.22E+00	-2.17E+01
50.5	1.56E+00	1.22E+00	-2.18E+01
50.6	1.57E+00	1.22E+00	-2.19E+01
50.7	1.57E+00	1.23E+00	-2.20E+01
50.8	1.58E+00	1.23E+00	-2.21E+01
50.9	1.58E+00	1.23E+00	-2.22E+01
51	1.59E+00	1.24E+00	-2.23E+01
51.1	1.60E+00	1.24E+00	-2.24E+01
51.2	1.60E+00	1.24E+00	-2.25E+01
51.3	1.61E+00	1.24E+00	-2.26E+01
51.4	1.61E+00	1.25E+00	-2.27E+01
51.5	1.62E+00	1.25E+00	-2.29E+01
51.6	1.62E+00	1.25E+00	-2.30E+01
51.7	1.63E+00	1.25E+00	-2.31E+01
51.8	1.64E+00	1.26E+00	-2.32E+01
51.9	1.64E+00	1.26E+00	-2.33E+01
52	1.65E+00	1.26E+00	-2.34E+01
52.1	1.65E+00	1.27E+00	-2.35E+01
52.2	1.66E+00	1.27E+00	-2.36E+01
52.3	1.67E+00	1.27E+00	-2.37E+01
52.4	1.67E+00	1.27E+00	-2.38E+01
52.5	1.68E+00	1.28E+00	-2.39E+01
52.6	1.68E+00	1.28E+00	-2.40E+01
52.7	1.69E+00	1.28E+00	-2.41E+01
52.8	1.70E+00	1.29E+00	-2.43E+01
52.9	1.70E+00	1.29E+00	-2.44E+01
53	1.71E+00	1.29E+00	-2.45E+01
53.1	1.72E+00	1.29E+00	-2.46E+01
53.2	1.72E+00	1.30E+00	-2.47E+01
53.3	1.73E+00	1.30E+00	-2.48E+01
53.4	1.73E+00	1.30E+00	-2.49E+01
53.5	1.74E+00	1.30E+00	-2.50E+01
53.6	1.75E+00	1.31E+00	-2.52E+01
53.7	1.75E+00	1.31E+00	-2.53E+01
53.8	1.76E+00	1.31E+00	-2.54E+01
53.9	1.77E+00	1.32E+00	-2.55E+01
54	1.77E+00	1.32E+00	-2.56E+01
54.1	1.78E+00	1.32E+00	-2.57E+01
54.2	1.79E+00	1.32E+00	-2.58E+01
54.3	1.79E+00	1.33E+00	-2.60E+01
54.4	1.80E+00	1.33E+00	-2.61E+01
54.5	1.81E+00	1.33E+00	-2.62E+01
54.6	1.81E+00	1.34E+00	-2.63E+01
54.7	1.82E+00	1.34E+00	-2.64E+01
54.8	1.83E+00	1.34E+00	-2.65E+01
54.9	1.83E+00	1.34E+00	-2.67E+01
55	1.84E+00	1.35E+00	-2.68E+01
55.1	1.85E+00	1.35E+00	-2.69E+01
55.2	1.85E+00	1.35E+00	-2.70E+01
55.3	1.86E+00	1.36E+00	-2.71E+01
55.4	1.87E+00	1.36E+00	-2.72E+01
55.5	1.87E+00	1.36E+00	-2.74E+01
55.6	1.88E+00	1.36E+00	-2.75E+01
55.7	1.89E+00	1.37E+00	-2.76E+01
55.8	1.89E+00	1.37E+00	-2.77E+01
55.9	1.90E+00	1.37E+00	-2.78E+01
56	1.91E+00	1.38E+00	-2.80E+01
56.1	1.92E+00	1.38E+00	-2.81E+01
56.2	1.92E+00	1.38E+00	-2.82E+01
56.3	1.93E+00	1.38E+00	-2.83E+01
56.4	1.94E+00	1.39E+00	-2.85E+01
56.5	1.95E+00	1.39E+00	-2.86E+01
56.6	1.95E+00	1.39E+00	-2.87E+01
56.7	1.96E+00	1.40E+00	-2.88E+01
56.8	1.97E+00	1.40E+00	-2.90E+01
56.9	1.98E+00	1.40E+00	-2.91E+01
57	1.98E+00	1.40E+00	-2.92E+01
57.1	1.99E+00	1.41E+00	-2.93E+01
57.2	2.00E+00	1.41E+00	-2.95E+01
57.3	2.01E+00	1.41E+00	-2.96E+01
57.4	2.01E+00	1.42E+00	-2.97E+01
57.5	2.02E+00	1.42E+00	-2.98E+01
57.6	2.03E+00	1.42E+00	-3.00E+01
57.7	2.04E+00	1.42E+00	-3.01E+01
57.8	2.04E+00	1.43E+00	-3.02E+01
57.9	2.05E+00	1.43E+00	-3.04E+01
58	2.06E+00	1.43E+00	-3.05E+01
58.1	2.07E+00	1.44E+00	-3.06E+01
58.2	2.08E+00	1.44E+00	-3.07E+01
58.3	2.09E+00	1.44E+00	-3.09E+01
58.4	2.09E+00	1.44E+00	-3.10E+01
58.5	2.10E+00	1.45E+00	-3.11E+01
58.6	2.11E+00	1.45E+00	-3.13E+01
58.7	2.12E+00	1.45E+00	-3.14E+01
58.8	2.13E+00	1.46E+00	-3.15E+01
58.9	2.13E+00	1.46E+00	-3.17E+01
59	2.14E+00	1.46E+00	-3.18E+01
59.1	2.15E+00	1.46E+00	-3.19E+01
59.2	2.16E+00	1.47E+00	-3.21E+01
59.3	2.17E+00	1.47E+00	-3.22E+01
59.4	2.18E+00	1.47E+00	-3.23E+01
59.5	2.19E+00	1.48E+00	-3.25E+01
59.6	2.19E+00	1.48E+00	-3.26E+01
59.7	2.20E+00	1.48E+00	-3.27E+01
59.8	2.21E+00	1.49E+00	-3.29E+01
59.9	2.22E+00	1.49E+00	-3.30E+01
60	2.23E+00	1.49E+00	-3.32E+01
60.1	2.24E+00	1.49E+00	-3.33E+01
60.2	2.25E+00	1.50E+00	-3.34E+01
60.3	2.26E+00	1.50E+00	-3.36E+01
60.4	2.27E+00	1.50E+00	-3.37E+01
60.5	2.28E+00	1.51E+00	-3.38E+01
60.6	2.29E+00	1.51E+00	-3.40E+01
60.7	2.29E+00	1.51E+00	-3.41E+01
60.8	2.30E+00	1.51E+00	-3.43E+01
60.9	2.31E+00	1.52E+00	-3.44E+01
61	2.32E+00	1.52E+00	-3.45E+01
61.1	2.33E+00	1.52E+00	-3.47E+01
61.2	2.34E+00	1.53E+00	-3.48E+01
61.3	2.35E+00	1.53E+00	-3.50E+01
61.4	2.36E+00	1.53E+00	-3.51E+01
61.5	2.37E+00	1.54E+00	-3.53E+01
61.6	2.38E+00	1.54E+00	-3.54E+01
61.7	2.39E+00	1.54E+00	-3.56E+01
61.8	2.40E+00	1.54E+00	-3.57E+01
61.9	2.41E+00	1.55E+00	-3.58E+01
62	2.42E+00	1.55E+00	-3.60E+01
62.1	2.43E+00	1.55E+00	-3.61E+01
62.2	2.44E+00	1.56E+00	-3.63E+01
62.3	2.45E+00	1.56E+00	-3.64E+01
62.4	2.46E+00	1.56E+00	-3.66E+01
62.5	2.47E+00	1.57E+00	-3.67E+01
62.6	2.48E+00	1.57E+00	-3.69E+01
62.7	2.49E+00	1.57E+00	-3.70E+01
62.8	2.51E+00	1.57E+00	-3.72E+01
62.9	2.52E+00	1.58E+00	-3.73E+01
63	2.53E+00	1.58E+00	-3.75E+01
63.1	2.54E+00	1.58E+00	-3.76E+01
63.2	2.55E+00	1.59E+00	-3.78E+01
63.3	2.56E+00	1.59E+00	-3.79E+01
63.4	2.57E+00	1.59E+00	-3.81E+01
63.5	2.58E+00	1.60E+00	-3.82E+01
63.6	2.59E+00	1.60E+00	-3.84E+01
63.7	2.61E+00	1.60E+00	-3.85E+01
63.8	2.62E+00	1.60E+00	-3.87E+01
63.9	2.63E+00	1.61E+00	-3.89E+01
64	2.64E+00	1.61E+00	-3.90E+01
64.1	2.65E+00	1.61E+00	-3.92E+01
64.2	2.66E+00	1.62E+00	-3.93E+01
64.3	2.68E+00	1.62E+00	-3.95E+01
64.4	2.69E+00	1.62E+00	-3.96E+01
64.5	2.70E+00	1.63E+00	-3.98E+01
64.6	2.71E+00	1.63E+00	-4.00E+01
64.7	2.72E+00	1.63E+00	-4.01E+01
64.8	2.74E+00	1.63E+00	-4.03E+01
64.9	2.75E+00	1.64E+00	-4.04E+01
65	2.76E+00	1.64E+00	-4.06E+01
65.1	2.77E+00	1.64E+00	-4.07E+01
65.2	2.79E+00	1.65E+00	-4.09E+01
65.3	2.80E+00	1.65E+00	-4.11E+01
65.4	2.81E+00	1.65E+00	-4.12E+01
65.5	2.83E+00	1.66E+00	-4.14E+01
65.6	2.84E+00	1.66E+00	-4.16E+01
65.7	2.85E+00	1.66E+00	-4.17E+01
65.8	2.87E+00	1.67E+00	-4.19E+01
65.9	2.88E+00	1.67E+00	-4.21E+01
66	2.89E+00	1.67E+00	-4.22E+01
66.1	2.91E+00	1.67E+00	-4.24E+01
66.2	2.92E+00	1.68E+00	-4.25E+01
66.3	2.93E+00	1.68E+00	-4.27E+01
66.4	2.95E+00	1.68E+00	-4.29E+01
66.5	2.96E+00	1.69E+00	-4.31E+01
66.6	2.98E+00	1.69E+00	-4.32E+01
66.7	2.99E+00	1.69E+00	-4.34E+01
66.8	3.00E+00	1.70E+00	-4.36E+01
66.9	3.02E+00	1.70E+00	-4.37E+01
67	3.03E+00	1.70E+00	-4.39E+01
67.1	3.05E+00	1.71E+00	-4.41E+01
67.2	3.06E+00	1.71E+00	-4.42E+01
67.3	3.08E+00	1.71E+00	-4.44E+01
67.4	3.09E+00	1.71E+00	-4.46E+01
67.5	3.11E+00	1.72E+00	-4.48E+01
67.6	3.12E+00	1.72E+00	-4.49E+01
67.7	3.14E+00	1.72E+00	-4.51E+01
67.8	3.16E+00	1.73E+00	-4.53E+01
67.9	3.17E+00	1.73E+00	-4.55E+01
68	3.19E+00	1.73E+00	-4.56E+01
68.1	3.20E+00	1.74E+00	-4.58E+01
68.2	3.22E+00	1.74E+00	-4.60E+01
68.3	3.24E+00	1.74E+00	-4.62E+01
68.4	3.25E+00	1.75E+00	-4.63E+01
68.5	3.27E+00	1.75E+00	-4.65E+01
68.6	3.29E+00	1.75E+00	-4.67E+01
68.7	3.30E+00	1.75E+00	-4.69E+01
68.8	3.32E+00	1.76E+00	-4.71E+01
68.9	3.34E+00	1.76E+00	-4.72E+01
69	3.35E+00	1.76E+00	-4.74E+01
69.1	3.37E+00	1.77E+00	-4.76E+01
69.2	3.39E+00	1.77E+00	-4.78E+01
69.3	3.41E+00	1.77E+00	-4.80E+01
69.4	3.43E+00	1.78E+00	-4.81E+01
69.5	3.44E+00	1.78E+00	-4.83E+01
69.6	3.46E+00	1.78E+00	-4.85E+01
69.7	3.48E+00	1.79E+00	-4.87E+01
69.8	3.50E+00	1.79E+00	-4.89E+01
69.9	3.52E+00	1.79E+00	-4.91E+01
70	3.54E+00	1.80E+00	-4.93E+01
70.1	3.56E+00	1.80E+00	-4.94E+01
70.2	3.58E+00	1.80E+00	-4.96E+01
70.3	3.60E+00	1.80E+00	-4.98E+01
70.4	3.62E+00	1.81E+00	-5.00E+01
70.5	3.64E+00	1.81E+00	-5.02E+01
70.6	3.66E+00	1.81E+00	-5.04E+01
70.7	3.68E+00	1.82E+00	-5.06E+01
70.8	3.70E+00	1.82E+00	-5.08E+01
70.9	3.72E+00	1.82E+00	-5.10E+01
71	3.74E+00	1.83E+00	-5.11E+01
71.1	3.76E+00	1.83E+00	-5.13E+01
71.2	3.78E+00	1.83E+00	-5.15E+01
71.3	3.80E+00	1.84E+00	-5.17E+01
71.4	3.83E+00	1.84E+00	-5.19E+01
71.5	3.85E+00	1.84E+00	-5.21E+01
71.6	3.87E+00	1.85E+00	-5.23E+01
71.7	3.89E+00	1.85E+00	-5.25E+01
71.8	3.92E+00	1.85E+00	-5.27E+01
71.9	3.94E+00	1.86E+00	-5.29E+01
72	3.96E+00	1.86E+00	-5.31E+01
72.1	3.99E+00	1.86E+00	-5.33E+01
72.2	4.01E+00	1.87E+00	-5.35E+01
72.3	4.04E+00	1.87E+00	-5.37E+01
72.4	4.06E+00	1.87E+00	-5.39E+01
72.5	4.08E+00	1.87E+00	-5.41E+01
72.6	4.11E+00	1.88E+00	-5.43E+01
72.7	4.13E+00	1.88E+00	-5.45E+01
72.8	4.16E+00	1.88E+00	-5.47E+01
72.9	4.19E+00	1.89E+00	-5.49E+01
73	4.21E+00	1.89E+00	-5.51E+01
73.1	4.24E+00	1.89E+00	-5.53E+01
73.2	4.27E+00	1.90E+00	-5.55E+01
73.3	4.29E+00	1.90E+00	-5.57E+01
73.4	4.32E+00	1.90E+00	-5.59E+01
73.5	4.35E+00	1.91E+00	-5.61E+01
73.6	4.38E+00	1.91E+00	-5.63E+01
73.7	4.40E+00	1.91E+00	-5.66E+01
73.8	4.43E+00	1.92E+00	-5.68E+01
73.9	4.46E+00	1.92E+00	-5.70E+01
74	4.49E+00	1.92E+00	-5.72E+01
74.1	4.52E+00	1.93E+00	-5.74E+01
74.2	4.55E+00	1.93E+00	-5.76E+01
74.3	4.58E+00	1.93E+00	-5.78E+01
74.4	4.61E+00	1.94E+00	-5.80E+01
74.5	4.64E+00	1.94E+00	-5.82E+01
74.6	4.68E+00	1.94E+00	-5.85E+01
74.7	4.71E+00	1.95E+00	-5.87E+01
74.8	4.74E+00	1.95E+00	-5.89E+01
74.9	4.77E+00	1.95E+00	-5.91E+01
75	4.81E+00	1.95E+00	-5.93E+01
75.1	4.84E+00	1.96E+00	-5.95E+01
75.2	4.87E+00	1.96E+00	-5.98E+01
75.3	4.91E+00	1.96E+00	-6.00E+01
75.4	4.94E+00	1.97E+00	-6.02E+01
75.5	4.98E+00	1.97E+00	-6.04E+01
75.6	5.02E+00	1.97E+00	-6.06E+01
75.7	5.05E+00	1.98E+00	-6.09E+01
75.8	5.09E+00	1.98E+00	-6.11E+01
75.9	5.13E+00	1.98E+00	-6.13E+01
76	5.16E+00	1.99E+00	-6.15E+01
76.1	5.20E+00	1.99E+00	-6.17E+01
76.2	5.24E+00	1.99E+00	-6.20E+01
76.3	5.28E+00	2.00E+00	-6.22E+01
76.4	5.32E+00	2.00E+00	-6.24E+01
76.5	5.36E+00	2.00E+00	-6.27E+01
76.6	5.41E+00	2.01E+00	-6.29E+01
76.7	5.45E+00	2.01E+00	-6.31E+01
76.8	5.49E+00	2.01E+00	-6.33E+01
76.9	5.53E+00	2.02E+00	-6.36E+01
77	5.58E+00	2.02E+00	-6.38E+01
77.1	5.62E+00	2.02E+00	-6.40E+01
77.2	5.67E+00	2.03E+00	-6.43E+01
77.3	5.71E+00	2.03E+00	-6.45E+01
77.4	5.76E+00	2.03E+00	-6.47E+01
77.5	5.81E+00	2.04E+00	-6.50E+01
77.6	5.86E+00	2.04E+00	-6.52E+01
77.7	5.91E+00	2.04E+00	-6.54E+01
77.8	5.96E+00	2.05E+00	-6.57E+01
77.9	6.01E+00	2.05E+00	-6.59E+01
78	6.06E+00	2.05E+00	-6.61E+01
78.1	6.11E+00	2.06E+00	-6.64E+01
78.2	6.16E+00	2.06E+00	-6.66E+01
78.3	6.22E+00	2.06E+00	-6.68E+01
78.4	6.27E+00	2.07E+00	-6.71E+01
78.5	6.33E+00	2.07E+00	-6.73E+01
78.6	6.39E+00	2.07E+00	-6.76E+01
78.7	6.44E+00	2.07E+00	-6.78E+01
78.8	6.50E+00	2.08E+00	-6.80E+01
78.9	6.56E+00	2.08E+00	-6.83E+01
79	6.62E+00	2.08E+00	-6.85E+01
79.1	6.69E+00	2.09E+00	-6.88E+01
79.2	6.75E+00	2.09E+00	-6.90E+01
79.3	6.82E+00	2.09E+00	-6.93E+01
79.4	6.88E+00	2.10E+00	-6.95E+01
79.5	6.95E+00	2.10E+00	-6.98E+01
79.6	7.02E+00	2.10E+00	-7.00E+01
79.7	7.09E+00	2.11E+00	-7.03E+01
79.8	7.16E+00	2.11E+00	-7.05E+01
79.9	7.23E+00	2.11E+00	-7.08E+01
80	7.30E+00	2.12E+00	-7.10E+01
80.1	7.38E+00	2.12E+00	-7.13E+01
80.2	7.46E+00	2.12E+00	-7.15E+01
80.3	7.53E+00	2.13E+00	-7.18E+01
80.4	7.61E+00	2.13E+00	-7.20E+01
80.5	7.70E+00	2.13E+00	-7.23E+01
80.6	7.78E+00	2.14E+00	-7.25E+01
80.7	7.86E+00	2.14E+00	-7.28E+01
80.8	7.95E+00	2.14E+00	-7.30E+01
80.9	8.04E+00	2.15E+00	-7.33E+01
81	8.13E+00	2.15E+00	-7.36E+01
81.1	8.22E+00	2.15E+00	-7.38E+01
81.2	8.32E+00	2.16E+00	-7.41E+01
81.3	8.42E+00	2.16E+00	-7.43E+01
81.4	8.51E+00	2.16E+00	-7.46E+01
81.5	8.62E+00	2.17E+00	-7.49E+01
81.6	8.72E+00	2.17E+00	-7.51E+01
81.7	8.83E+00	2.17E+00	-7.54E+01
81.8	8.94E+00	2.18E+00	-7.56E+01
81.9	9.05E+00	2.18E+00	-7.59E+01
82	9.16E+00	2.18E+00	-7.62E+01
82.1	9.28E+00	2.19E+00	-7.64E+01
82.2	9.40E+00	2.19E+00	-7.67E+01
82.3	9.52E+00	2.19E+00	-7.70E+01
82.4	9.65E+00	2.20E+00	-7.72E+01
82.5	9.78E+00	2.20E+00	-7.75E+01
82.6	9.92E+00	2.20E+00	-7.78E+01
82.7	1.01E+01	2.21E+00	-7.81E+01
82.8	1.02E+01	2.21E+00	-7.83E+01
82.9	1.03E+01	2.21E+00	-7.86E+01
83	1.05E+01	2.22E+00	-7.89E+01
83.1	1.06E+01	2.22E+00	-7.92E+01
83.2	1.08E+01	2.22E+00	-7.94E+01
83.3	1.10E+01	2.23E+00	-7.97E+01
83.4	1.11E+01	2.23E+00	-8.00E+01
83.5	1.13E+01	2.23E+00	-8.03E+01
83.6	1.15E+01	2.24E+00	-8.05E+01
83.7	1.17E+01	2.24E+00	-8.08E+01
83.8	1.19E+01	2.24E+00	-8.11E+01
83.9	1.20E+01	2.24E+00	-8.14E+01
84	1.23E+01	2.25E+00	-8.17E+01
84.1	1.25E+01	2.25E+00	-8.19E+01
84.2	1.27E+01	2.25E+00	-8.22E+01
84.3	1.29E+01	2.26E+00	-8.25E+01
84.4	1.31E+01	2.26E+00	-8.28E+01
84.5	1.34E+01	2.26E+00	-8.31E+01
84.6	1.36E+01	2.27E+00	-8.34E+01
84.7	1.39E+01	2.27E+00	-8.36E+01
84.8	1.41E+01	2.27E+00	-8.39E+01
84.9	1.44E+01	2.28E+00	-8.42E+01
85	1.47E+01	2.28E+00	-8.45E+01
85.1	1.50E+01	2.28E+00	-8.48E+01
85.2	1.53E+01	2.29E+00	-8.51E+01
85.3	1.57E+01	2.29E+00	-8.54E+01
85.4	1.60E+01	2.29E+00	-8.57E+01
85.5	1.64E+01	2.30E+00	-8.60E+01
85.6	1.67E+01	2.30E+00	-8.63E+01
85.7	1.71E+01	2.30E+00	-8.66E+01
85.8	1.75E+01	2.31E+00	-8.68E+01
85.9	1.80E+01	2.31E+00	-8.71E+01
86	1.84E+01	2.31E+00	-8.74E+01
86.1	1.89E+01	2.32E+00	-8.77E+01
86.2	1.94E+01	2.32E+00	-8.80E+01
86.3	1.99E+01	2.32E+00	-8.83E+01
86.4	2.05E+01	2.33E+00	-8.86E+01
86.5	2.11E+01	2.33E+00	-8.89E+01
86.6	2.17E+01	2.33E+00	-8.92E+01
86.7	2.23E+01	2.34E+00	-8.95E+01
86.8	2.30E+01	2.34E+00	-8.98E+01
86.9	2.38E+01	2.34E+00	-9.01E+01
87	2.46E+01	2.35E+00	-9.05E+01
87.1	2.54E+01	2.35E+00	-9.08E+01
87.2	2.63E+01	2.35E+00	-9.11E+01
87.3	2.73E+01	2.36E+00	-9.14E+01
87.4	2.84E+01	2.36E+00	-9.17E+01
87.5	2.95E+01	2.36E+00	-9.20E+01
87.6	3.07E+01	2.36E+00	-9.23E+01
87.7	3.21E+01	2.37E+00	-9.26E+01
87.8	3.35E+01	2.37E+00	-9.29E+01
87.9	3.51E+01	2.37E+00	-9.32E+01
88	3.69E+01	2.38E+00	-9.36E+01
88.1	3.88E+01	2.38E+00	-9.39E+01
88.2	4.10E+01	2.38E+00	-9.42E+01
88.3	4.34E+01	2.39E+00	-9.45E+01
88.4	4.61E+01	2.39E+00	-9.48E+01
88.5	4.92E+01	2.39E+00	-9.51E+01
88.6	5.27E+01	2.40E+00	-9.55E+01
88.7	5.67E+01	2.40E+00	-9.58E+01
88.8	6.15E+01	2.40E+00	-9.61E+01
88.9	6.71E+01	2.41E+00	-9.64E+01
89	7.38E+01	2.41E+00	-9.67E+01
89.1	8.20E+01	2.41E+00	-9.71E+01
89.2	9.22E+01	2.42E+00	-9.74E+01
89.3	1.05E+02	2.42E+00	-9.77E+01
89.4	1.23E+02	2.42E+00	-9.80E+01
89.5	1.48E+02	2.43E+00	-9.84E+01
89.6	1.84E+02	2.43E+00	-9.87E+01
89.7	2.46E+02	2.43E+00	-9.90E+01
89.8	3.69E+02	2.44E+00	-9.93E+01
89.9	3.69E+02	2.44E+00	-9.93E+01
90	3.69E+02	2.44E+00	-9.93E+01
90.1	-3.69E+02	2.45E+00	-1.01E+02
90.2	-3.69E+02	2.45E+00	-1.01E+02
90.3	-2.46E+02	2.45E+00	-1.01E+02
90.4	-1.84E+02	2.45E+00	-1.01E+02
90.5	-1.48E+02	2.46E+00	-1.02E+02
90.6	-1.23E+02	2.46E+00	-1.02E+02
90.7	-1.05E+02	2.46E+00	-1.02E+02
90.8	-9.22E+01	2.47E+00	-1.03E+02
90.9	-8.20E+01	2.47E+00	-1.03E+02
91	-7.38E+01	2.47E+00	-1.03E+02
91.1	-6.71E+01	2.48E+00	-1.04E+02
91.2	-6.15E+01	2.48E+00	-1.04E+02
91.3	-5.67E+01	2.48E+00	-1.04E+02
91.4	-5.27E+01	2.49E+00	-1.05E+02
91.5	-4.92E+01	2.49E+00	-1.05E+02
91.6	-4.61E+01	2.49E+00	-1.05E+02
91.7	-4.34E+01	2.49E+00	-1.06E+02
91.8	-4.10E+01	2.50E+00	-1.06E+02
91.9	-3.88E+01	2.50E+00	-1.06E+02
92	-3.69E+01	2.50E+00	-1.07E+02
92.1	-3.51E+01	2.51E+00	-1.07E+02
92.2	-3.35E+01	2.51E+00	-1.07E+02
92.3	-3.21E+01	2.51E+00	-1.08E+02
92.4	-3.07E+01	2.52E+00	-1.08E+02
92.5	-2.95E+01	2.52E+00	-1.09E+02
92.6	-2.84E+01	2.52E+00	-1.09E+02
92.7	-2.73E+01	2.53E+00	-1.09E+02
92.8	-2.63E+01	2.53E+00	-1.10E+02
92.9	-2.54E+01	2.53E+00	-1.10E+02
93	-2.46E+01	2.53E+00	-1.10E+02
93.1	-2.38E+01	2.54E+00	-1.11E+02
93.2	-2.30E+01	2.54E+00	-1.11E+02
93.3	-2.23E+01	2.54E+00	-1.11E+02
93.4	-2.17E+01	2.55E+00	-1.12E+02
93.5	-2.11E+01	2.55E+00	-1.12E+02
93.6	-2.05E+01	2.55E+00	-1.12E+02
93.7	-1.99E+01	2.56E+00	-1.13E+02
93.8	-1.94E+01	2.56E+00	-1.13E+02
93.9	-1.89E+01	2.56E+00	-1.14E+02
94	-1.84E+01	2.56E+00	-1.14E+02
94.1	-1.80E+01	2.57E+00	-1.14E+02
94.2	-1.75E+01	2.57E+00	-1.15E+02
94.3	-1.71E+01	2.57E+00	-1.15E+02
94.4	-1.67E+01	2.58E+00	-1.15E+02
94.5	-1.64E+01	2.58E+00	-1.16E+02
94.6	-1.60E+01	2.58E+00	-1.16E+02
94.7	-1.57E+01	2.58E+00	-1.17E+02
94.8	-1.53E+01	2.59E+00	-1.17E+02
94.9	-1.50E+01	2.59E+00	-1.17E+02
95	-1.47E+01	2.59E+00	-1.18E+02
95.1	-1.44E+01	2.60E+00	-1.18E+02
95.2	-1.41E+01	2.60E+00	-1.18E+02
95.3	-1.39E+01	2.60E+00	-1.19E+02
95.4	-1.36E+01	2.61E+00	-1.19E+02
95.5	-1.34E+01	2.61E+00	-1.20E+02
95.6	-1.31E+01	2.61E+00	-1.20E+02
95.7	-1.29E+01	2.61E+00	-1.20E+02
95.8	-1.27E+01	2.62E+00	-1.21E+02
95.9	-1.25E+01	2.62E+00	-1.21E+02
96	-1.23E+01	2.62E+00	-1.21E+02
96.1	-1.20E+01	2.63E+00	-1.22E+02
96.2	-1.19E+01	2.63E+00	-1.22E+02
96.3	-1.17E+01	2.63E+00	-1.23E+02
96.4	-1.15E+01	2.63E+00	-1.23E+02
96.5	-1.13E+01	2.64E+00	-1.23E+02
96.6	-1.11E+01	2.64E+00	-1.24E+02
96.7	-1.10E+01	2.64E+00	-1.24E+02
96.8	-1.08E+01	2.65E+00	-1.24E+02
96.9	-1.06E+01	2.65E+00	-1.25E+02
97	-1.05E+01	2.65E+00	-1.25E+02
97.1	-1.03E+01	2.65E+00	-1.26E+02
97.2	-1.02E+01	2.66E+00	-1.26E+02
97.3	-1.01E+01	2.66E+00	-1.26E+02
97.4	-9.92E+00	2.66E+00	-1.27E+02
97.5	-9.78E+00	2.66E+00	-1.27E+02
97.6	-9.65E+00	2.67E+00	-1.28E+02
97.7	-9.52E+00	2.67E+00	-1.28E+02
97.8	-9.40E+00	2.67E+00	-1.28E+02
97.9	-9.28E+00	2.68E+00	-1.29E+02
98	-9.16E+00	2.68E+00	-1.29E+02
98.1	-9.05E+00	2.68E+00	-1.30E+02
98.2	-8.94E+00	2.68E+00	-1.30E+02
98.3	-8.83E+00	2.69E+00	-1.30E+02
98.4	-8.72E+00	2.69E+00	-1.31E+02
98.5	-8.62E+00	2.69E+00	-1.31E+02
98.6	-8.51E+00	2.69E+00	-1.32E+02
98.7	-8.42E+00	2.70E+00	-1.32E+02
98.8	-8.32E+00	2.70E+00	-1.32E+02
98.9	-8.22E+00	2.70E+00	-1.33E+02
99	-8.13E+00	2.70E+00	-1.33E+02
99.1	-8.04E+00	2.71E+00	-1.34E+02
99.2	-7.95E+00	2.71E+00	-1.34E+02
99.3	-7.86E+00	2.71E+00	-1.34E+02
99.4	-7.78E+00	2.72E+00	-1.35E+02
99.5	-7.70E+00	2.72E+00	-1.35E+02
99.6	-7.61E+00	2.72E+00	-1.36E+02
99.7	-7.53E+00	2.72E+00	-1.36E+02
99.8	-7.46E+00	2.73E+00	-1.37E+02
99.9	-7.38E+00	2.73E+00	-1.37E+02
100	-7.30E+00	2.73E+00	-1.37E+02
